1.1167883331048536	-0.07348398916544967	0.25852104542158405	-0.05392873023168412	-0.05389428177045367	0.09666796723543847	-0.05747570375003576	-0.05092288681020921	-0.03938305801868273	-0.05146072414004864	-0.059607339462343464	-0.051685214982357036	-0.05544940895837391	-0.09302772619583076	0.3047674657924593	0.00708234694481174	0.2621409176530516	0.24192883994287567	0.3064008036258524	0.30662432150632624	-0.05657704039845337	-0.05466822780820659	-0.05609142043424075	0.10066989341653931	0.05509207558574077	-0.006427923898031049	-0.05074967008427244	-0.04935818744915121	-0.05290133692079681	-0.10102004133390474	-0.09805092509654134	-0.09705878168537092	-0.09841345535791102	-0.09892378572344658	0.022730120649454764	0.03432821485668454	0.09561375581630155	0.07078743366930783	-0.04794307123647245	-0.03757942925154447	-0.049507266278882064	-0.07583906116755915	-0.03462318881139896	-0.047828198787849066	-0.049847352832549936	-0.05466829687932777	0.07841759248593533	-0.09944054462596565	-0.09895891014156898	-0.09585919443660662	-0.09449995626430156	-0.09929917205584211	-0.04805088658350306	-0.07521952778854887	-0.07047270731053598	-0.06836270615184843	0.017944577573555033	0.014877013590382468	-0.052232313668065335	-0.05574425468909676	-0.061009155116147615	-0.0522900344112313	-0.05641611902560815	-0.05682145881981011	-0.05639432220383198	-0.056289226478881765	-0.0549012052384132	-0.10332601562577451	0.28190507011851546	-0.03601704344386855	0.20830183736917868	0.28164577354017184	0.25729163147275685	0.28484030863679943	0.2746357402949883	0.28147698500433993	0.2829987290269611	0.016289796075863915	0.29742590490597515	0.28086252359308717	0.27546433389306213	0.28494157268659687
-0.07348398916544967	1.107278957108981	-0.18335251931196428	-0.1830139526584215	-0.1443612425763519	-0.07402351843214854	-0.18581055393237156	-0.07965879561486046	-0.13071483477726406	-0.17254803345772723	-0.18196558094370666	-0.18049290424157038	-0.04578558608366842	0.4276494234945346	-0.23127618807132996	0.11606512656317204	-0.18291488530284924	-0.16830577710075426	-0.23335403216515718	-0.2331880806788121	-0.17851518513878897	-0.17399447300032847	-0.18296841279885812	-0.07034111423954702	-0.06202920483496067	-0.14548970191539437	-0.1621777540708091	-0.1314592518882837	-0.09194894705341171	0.45954323980000783	0.44292128218930676	0.441309544638608	0.44488625166688545	0.4562905075316941	0.0853087274316517	-0.02913313526777361	-0.07225395376430128	-0.07884037972380413	-0.16338101119593307	-0.12036245394635522	-0.12693189748890593	0.47849482704037566	-0.11445777559106968	-0.07740483238871591	-0.15959039942873446	-0.1769215525224225	-0.07780209582484619	0.4452095735808082	0.44652866428829724	0.44028323585599294	0.4367333266579686	0.4549690944481038	-0.09864343748475152	0.46170764281047116	0.45469268212209957	0.4571661351271443	0.10075039239454961	0.10314493857514855	-0.1753894304188363	-0.17991672243369175	-0.17838114782438128	-0.1767055673827525	-0.17913648106631147	-0.1771259387793126	-0.17648270599541369	-0.1752785203160968	-0.1720813535096633	0.4605927293629388	-0.2086095754191086	-0.1575006602317045	-0.13875622740653132	-0.20745705614351564	-0.1831059972923243	-0.21131958349442254	-0.20092586029153453	-0.20777579831579357	-0.2094126955764462	0.11822953003266615	-0.22385905376185408	-0.20655032125640768	-0.2007630531371744	-0.2082054562457487
0.25852104542158405	-0.18335251931196428	2.124893692742202	-0.3042048537764293	-0.29077033494917615	0.1515973362099015	-0.3166649600888295	-0.2560522900133429	-0.2356079676346919	-0.2927565883614887	-0.3221471922784447	-0.2962736909148324	-0.2664537945968081	-0.21735014791055948	1.4750277696420515	0.028333479924318884	1.2391540554781717	1.147064590012304	1.484410145061577	1.4882853644813545	-0.31146472117484864	-0.30299439333831	-0.3119189984223406	0.16891016983333268	0.11330907523329728	-0.14335453226224312	-0.28437991769381055	-0.2703592565014499	-0.26869846736561975	-0.22907658183310953	-0.22409943226287238	-0.2228104617296815	-0.22670868446082718	-0.2261554059681219	0.060968361417933124	0.02194903738332201	0.16264452046990535	0.1148503848206144	-0.27621513713093193	-0.2246283328384033	-0.26911138337683693	-0.16802248835527947	-0.21046524106827752	-0.24621969970265598	-0.28370201887887975	-0.30495274988012744	0.12220700047548486	-0.2263442907279068	-0.22634196775182774	-0.21975835402772453	-0.2175372211551029	-0.22532148762310053	-0.2533498280837986	-0.16528915524813081	-0.1552463271465481	-0.1475789151632808	0.08593870222054524	0.05291749750272558	-0.29842802002436347	-0.3085584632245424	-0.32458681892045094	-0.296540290526683	-0.31095061532837154	-0.3131984158261195	-0.3109577946330085	-0.3104427119595244	-0.30415374839053727	-0.23493630968784932	1.3036902353839404	-0.23884192075471797	0.9423405003909764	1.3035317965132918	1.1901780860223228	1.3173822229200205	1.2657914263549137	1.3017774632865113	1.3215962214108414	0.09568742884880511	1.4034039753665815	1.310990112260954	1.2884936780096308	1.172760966425629
-0.05392873023168412	-0.1830139526584215	-0.3042048537764293	1.0685899135988122	0.21689202919434525	-0.044069630543688544	0.2605856730659986	0.147303128485017	0.16467301722416858	0.24616904572685674	0.24438541403295633	0.3840066828084337	0.13040052655216017	-0.2576831512162575	-0.35598602396157497	-0.1354787994586766	-0.3125932189337367	-0.2875516422873707	-0.3581295751897166	-0.3587653962063838	0.25030464602308167	0.2477370350299753	0.3875021843476514	-0.05038891824234309	-0.021195888201450335	0.1776330996200982	0.22054292984771948	0.17882551750381034	0.16467864062532897	-0.2703060262601788	-0.26660993526336035	-0.26542221336877864	-0.267328302408428	-0.26856729838960125	-0.1284155954303783	-0.02324119545022367	-0.046041543229063134	-0.020742995883414005	0.22104332374318714	0.146930521827665	0.18556181258149423	-0.22711958710531857	0.1362154639623501	0.1365739951957157	0.21349421880498326	0.2426427028004014	-0.025838581101408718	-0.26811638574761737	-0.26883110507143604	-0.2641610406969108	-0.2630543824633126	-0.2686543722290218	0.15409853717726435	-0.22928453666002946	-0.2206303774864109	-0.21540309547356054	-0.13270149169971154	-0.13751101390451778	0.24503902605082878	0.24638582324004596	0.2351749021152358	0.25738014483025956	0.24496974283284834	0.23691381520439173	0.24424467899398108	0.23505990412841266	0.24907463620165182	-0.27110579381671385	-0.3243505637104554	0.2083865928837212	-0.24782391451508246	-0.3242159061911465	-0.2992028593450286	-0.3268595108245601	-0.3163728376953198	-0.32347557693802814	-0.3266849791732598	-0.1499333310125286	-0.3450466547778597	-0.3264084974444447	-0.32095238555695016	-0.28723724721913013
-0.05389428177045367	-0.1443612425763519	-0.29077033494917615	0.21689202919434525	0.9904912652685308	-0.047273048137944265	0.2754598020743251	0.18270211023439265	0.16317574405352492	0.20961465764150228	0.2245142499321224	0.21148438109055862	0.12982883744015847	-0.21502366148833632	-0.3435235214331235	-0.11619112219394064	-0.29934608010318453	-0.2743439208865873	-0.34598730643866005	-0.3463870714755466	0.21383282794856648	0.20898546994405565	0.21291708646968183	-0.05223327903183688	-0.02845324569483299	0.1264880566794963	0.20837884818411845	0.17954151687970044	0.1568523633947585	-0.22826403998447387	-0.2249164061710278	-0.2230398923561271	-0.2244133754665498	-0.2254698192099691	-0.1103354766824324	-0.024233308413888845	-0.04858816670978932	-0.028058786879910307	0.2071952875468079	0.14757516402738682	0.19831840419991312	-0.1851733936065104	0.1400944281198276	0.14718560987094423	0.19280095294427713	0.21869228010599545	-0.030030486825868914	-0.22643795428505076	-0.2259946657899173	-0.22203874716310726	-0.22058523622505832	-0.2264163592676782	0.15677710331981995	-0.18867704572133945	-0.18077123222946972	-0.17563368459392753	-0.11448537908716172	-0.11773463540544656	0.22430525117710276	0.21958266213464803	0.21474815923363236	0.21012012376722156	0.22013573806162956	0.21540754877734242	0.21304207681949816	0.2094034847560024	0.2060743487562637	-0.22914173105003627	-0.31076701619938074	0.18082173476729013	-0.2349798887000274	-0.31075356227221423	-0.2861202891276567	-0.3135540797726966	-0.3027278356413085	-0.3104769764507536	-0.31380143140648126	-0.12867633680752644	-0.33160492833666116	-0.3135309456619792	-0.3081362582943808	-0.2697133105705094
0.09666796723543847	-0.07402351843214854	0.1515973362099015	-0.044069630543688544	-0.047273048137944265	1.1597282679467829	-0.05191435881644844	-0.04636955717127518	-0.026674783947152093	-0.04427554976341309	-0.056309476534784624	-0.042082184960705406	-0.05152082588584323	-0.08995292581674341	0.14292166249819263	0.04310460201954951	0.14839849518586137	0.14320524004863805	0.14289115672269329	0.1416973964642432	-0.05025582653816987	-0.04660466919893233	-0.046146886145822255	0.25084882675472275	0.11719771569118699	0.044735198141427956	-0.04266171122203681	-0.03979635901978381	-0.04780352303350846	-0.10230922119125574	-0.09874488901478658	-0.09697200286860647	-0.09686980157822257	-0.09999260787026408	0.07354442959876023	0.13259276896649586	0.22422315437459395	0.2125871329410378	-0.03844107836798166	-0.024626724300670002	-0.04188288367764329	-0.0769797558625882	-0.020618910002614878	-0.03555967546586182	-0.04011351117077395	-0.04670112270192287	0.225152009563788	-0.10020192776817638	-0.09869398787730856	-0.09501182050731821	-0.0918038741067999	-0.10153907552982543	-0.040812563483921656	-0.07584362420019869	-0.0715918117350234	-0.07038317168715934	0.03016853341361893	0.05008292443275716	-0.044008561829717116	-0.049245418732168894	-0.056857960055231554	-0.04464770586209062	-0.05022123788525007	-0.05038352645353392	-0.05022960223423253	-0.050118628357726444	-0.04637674793957595	-0.10647077818911257	0.15215090680313087	-0.0238203354984935	0.11944482988546197	0.1504652062972657	0.14449960398395356	0.15364422370903377	0.14927263700492513	0.15100194258763064	0.1444824192522301	0.015747197042938272	0.15457265645517035	0.1490686056680591	0.14375248931193793	0.13912942537914966
-0.05747570375003576	-0.18581055393237156	-0.3166649600888295	0.2605856730659986	0.2754598020743251	-0.05191435881644844	1.0855473677232315	0.2061423322387972	0.1569863248046731	0.2452836088540486	0.3157686914668012	0.2541498509211039	0.1337999708624903	-0.26543841688117065	-0.3695377598468481	-0.14169300762415907	-0.3254626187164294	-0.2994532870204389	-0.3717541260291824	-0.37218896308169575	0.24953610399143952	0.23367684111920917	0.25809338522761216	-0.056923602498644005	-0.026963246881642536	0.15383458380278697	0.2751991560662117	0.1792553941907708	0.16202636179238988	-0.27958945050609185	-0.27674690397346247	-0.2743805642333733	-0.27679148972856343	-0.27844487857308803	-0.135757986322442	-0.018868507050117292	-0.05290486878832137	-0.028940732630245648	0.2486356132279715	0.14701908052532503	0.2364919092946649	-0.23406390763895202	0.13334013098950293	0.16089831632897195	0.21723849692362643	0.26262024289658986	-0.03309443188048182	-0.27800044925220785	-0.2780944370738622	-0.27342462103518334	-0.27206650346888955	-0.27796266262021946	0.15266970917757167	-0.23719299643176966	-0.22793867575342763	-0.2227992393549707	-0.1388145122847795	-0.14467426638723518	0.29318480963965354	0.2919364887160393	0.28184936244732534	0.2437595934905313	0.3061761730024836	0.2800331589740539	0.2511854395947952	0.25599992767093455	0.23560807926934438	-0.28126170957240976	-0.3371273385303362	0.20899066459148868	-0.25835344608496913	-0.33718649330472916	-0.3115739877612261	-0.3401353454778765	-0.3286427520968507	-0.33652473347443257	-0.33978694818653576	-0.1569605026418009	-0.35834957910117055	-0.33972537902201977	-0.3333826517743258	-0.3011157886579255
-0.05092288681020921	-0.07965879561486046	-0.2560522900133429	0.147303128485017	0.18270211023439265	-0.04636955717127518	0.2061423322387972	0.9400150932269484	0.13101016642699626	0.14927863333889435	0.16239352053846967	0.1446074219796305	0.09742462205162548	-0.140476754036782	-0.3073340910824968	-0.08021959137659715	-0.26408190773873924	-0.24086859968185842	-0.3095167722523382	-0.31013505091856725	0.14609409665356946	0.13842614311329768	0.14416612059465966	-0.05048770112366788	-0.027239186813012944	0.08423586430616888	0.1609929715541585	0.14394006563904357	0.13174361293944317	-0.1494148919986866	-0.14711661599196724	-0.1457799200434383	-0.14744486822787273	-0.14658657061469935	-0.08020644447399405	-0.0195728574336405	-0.04715300322671844	-0.029590372792753686	0.15531955065998848	0.1211110638804249	0.19307455433006007	-0.11426398646417098	0.11616506987725417	0.13003565169474382	0.14018572272220847	0.14769739134827478	-0.03270188956617867	-0.14846890003741903	-0.14835701328577897	-0.14501983514924838	-0.14496411637966491	-0.14846709517847861	0.13727829527227314	-0.11794999418933598	-0.11222394148534325	-0.10771650086165688	-0.08230525538818513	-0.08517690008447186	0.16592339566351355	0.15818676260695452	0.15792466889519968	0.14296767795443918	0.16131573782413663	0.15528427061575342	0.1438159152477374	0.14710437692257497	0.1383717188309895	-0.15017772647016364	-0.2758260826820302	0.1272641670532857	-0.20517281858194003	-0.27519143038191674	-0.25227332353166115	-0.2778679366862335	-0.2680365478942177	-0.2750464175292261	-0.27881826394190223	-0.09103914686631653	-0.2950064636007198	-0.27830202667087695	-0.2729207351905753	-0.23221315713531374
-0.03938305801868273	-0.13071483477726406	-0.2356079676346919	0.16467301722416858	0.16317574405352492	-0.026674783947152093	0.1569863248046731	0.13101016642699626	1.0047415831971047	0.17146184453977634	0.15936044279122893	0.16064311363650738	0.13537412411515032	-0.19628108743534595	-0.2829954438486545	-0.09900378552214292	-0.2434361329068557	-0.22199135096588596	-0.28494283307874974	-0.2855953251675829	0.17160912232727	0.16884215353805976	0.16210399768377076	-0.03280478037444968	-0.014081786921131286	0.09499373154602572	0.19418651722826505	0.22972738984532554	0.13814656567216296	-0.20858822947643185	-0.20533381330205117	-0.20400543685990186	-0.2061984169930281	-0.20707267536489535	-0.09093032449878978	-0.018545384894773035	-0.029285753219503434	-0.009422932903370351	0.2099779615407604	0.23192310957874182	0.16603892169423273	-0.1696324297985328	0.24975359818010046	0.10285246810537356	0.1932084017970156	0.16827657904395849	-0.015236952361157456	-0.20690227367922842	-0.2070921881477764	-0.20328385860580717	-0.20250269616075325	-0.20668533368705022	0.15319014254233038	-0.1707990317025684	-0.16360225298442235	-0.15927622790605292	-0.09723665910927468	-0.1004010196147043	0.16055134239921756	0.16490221063740762	0.15515848826069598	0.16737855278352876	0.15389299082948868	0.156381364881803	0.165939041271986	0.15970449396174155	0.1650086629881356	-0.20950453675095182	-0.25312778885505705	0.15230037490117884	-0.18925790328398354	-0.25310923155378756	-0.23184156616845197	-0.2548754200002546	-0.24604239368313727	-0.2522091257851962	-0.2558978853383067	-0.10899337411247827	-0.2713511018842681	-0.2550895192907721	-0.25073232776661164	-0.21566310148439866
-0.05146072414004864	-0.17254803345772723	-0.2927565883614887	0.24616904572685674	0.20961465764150228	-0.04427554976341309	0.2452836088540486	0.14927863333889435	0.17146184453977634	0.9669899388919044	0.2641002639122278	0.2363240855552987	0.14883653725811558	-0.24919315770467412	-0.3460994953525638	-0.12962799007914394	-0.3023618792374983	-0.27653626290690625	-0.34825010139212625	-0.3489403825049263	0.2528827483713988	0.24771248380796446	0.23749172965186993	-0.049343927524396695	-0.023386004974531326	0.13935838893871552	0.21696767661035163	0.1894181776221231	0.17673544831601126	-0.2626630019095419	-0.2593196300920462	-0.25702386521265935	-0.26003519632307964	-0.2607787729578281	-0.12207135930135388	-0.024482025599819546	-0.045383579112227256	-0.022459287151531414	0.21275668670574938	0.15842534326399738	0.18126329168080973	-0.21856230258140458	0.14350253670099128	0.1414292050346802	0.22645485779035202	0.24935332412635958	-0.025375607359525983	-0.26085556754691885	-0.2613517568468775	-0.25602283886074506	-0.2556701116995374	-0.2612603929114335	0.16453942846309724	-0.2209700171697571	-0.21235206262099052	-0.2071452555995483	-0.1264760823291574	-0.13154059974599763	0.24243201725201188	0.249270628949622	0.2674724857416965	0.24523320298924084	0.2513025329113832	0.25786724218568785	0.2566252356319274	0.25718405098594993	0.240135342290386	-0.26474752907396587	-0.3123936993929269	0.20609564511015738	-0.23700770444606253	-0.31202322763000967	-0.28791073203185047	-0.31504049994860567	-0.30438160163334604	-0.3118980904230863	-0.3154758523186316	-0.14134536159231856	-0.3332355649127502	-0.314878894142499	-0.30995430715280675	-0.2647136753063442
-0.059607339462343464	-0.18196558094370666	-0.3221471922784447	0.24438541403295633	0.2245142499321224	-0.056309476534784624	0.3157686914668012	0.16239352053846967	0.15936044279122893	0.2641002639122278	1.0771691129982124	0.23749998238381412	0.15061333217264963	-0.2623066073129009	-0.37363401657219825	-0.14389142181265138	-0.3309864714955532	-0.3047735740351945	-0.3759045881414164	-0.37634390924386674	0.25022429064762913	0.24204897981080487	0.2426261938315153	-0.06112903723670701	-0.030261250545449078	0.1414790057166184	0.23203957795589022	0.18514694581833677	0.17504076352424294	-0.27675977324867285	-0.27398661643857936	-0.27159498793472314	-0.2740699754799121	-0.2752310382046649	-0.13770213503359433	-0.027136952406551267	-0.056662759083536546	-0.0332268729394043	0.2200486953700186	0.1510849251978101	0.1924964045593628	-0.23354837780691554	0.13427576671893457	0.14090068141044207	0.23427922354803019	0.2576067927892671	-0.03620101318030671	-0.2754363624409182	-0.27524006361510406	-0.27151235182510114	-0.2700971868427559	-0.2752906309537702	0.1615612262014506	-0.23660741339250857	-0.22830292673290134	-0.22322586652141424	-0.1404894518279733	-0.14681552365120593	0.28525875419904584	0.2671426474258287	0.3996926400499237	0.24820581042174608	0.34165552257571874	0.3285242382099659	0.2709346138692846	0.30697649942790467	0.24363638854898045	-0.27777518832770787	-0.34185467571222206	0.21219347553368068	-0.26293751234542245	-0.3417999072227434	-0.3167914738512656	-0.3450110423655786	-0.3337113818302576	-0.34125172817429217	-0.3437897098349447	-0.1585027377029019	-0.3634695712917702	-0.3440309077311619	-0.33750955819655143	-0.3103137106823091
-0.051685214982357036	-0.18049290424157038	-0.2962736909148324	0.3840066828084337	0.21148438109055862	-0.042082184960705406	0.2541498509211039	0.1446074219796305	0.16064311363650738	0.2363240855552987	0.23749998238381412	1.0592633369769942	0.1304246373921001	-0.25414400374487794	-0.34764183748850513	-0.13059783629248628	-0.305009858577059	-0.28012614560691346	-0.3500069863265634	-0.3503486166117356	0.24604939404273882	0.241642126597901	0.3859246421142697	-0.04967823294188105	-0.019202150243490743	0.17356308545149385	0.2171554257185542	0.1761450303653831	0.16164497888009718	-0.26775865286662476	-0.26341827199975887	-0.26244194727552467	-0.2647263253466294	-0.2665236691705433	-0.1252636802111775	-0.022287581181030303	-0.04423941654191931	-0.01970111208195054	0.21689747065103998	0.14407613408538428	0.18258597530198672	-0.22382876235121482	0.13385320017396915	0.13591544709078127	0.20871727306837995	0.23682544192003216	-0.024718924145765542	-0.26518380600310254	-0.26588211616021595	-0.2614155470457154	-0.2603467674575621	-0.26588210858685457	0.150180029019683	-0.22581958655656442	-0.21863904425008945	-0.2132865504713218	-0.12913553894442015	-0.1335726950162008	0.24070602084939796	0.24132913912696172	0.22931808030487139	0.25142688154921916	0.23844181592515798	0.23233348928811662	0.2379761017499196	0.2296974552713878	0.24560621006160985	-0.26823329645345484	-0.3164501725320037	0.20570277622503827	-0.24124102867569258	-0.316146638439785	-0.2912418464786018	-0.31883400444517696	-0.30808709325120215	-0.3152882024562958	-0.319059887255553	-0.1455171042858098	-0.33654642345147734	-0.3185272835590654	-0.31295171079842066	-0.277666166757682
-0.05544940895837391	-0.04578558608366842	-0.2664537945968081	0.13040052655216017	0.12982883744015847	-0.05152082588584323	0.1337999708624903	0.09742462205162548	0.13537412411515032	0.14883653725811558	0.15061333217264963	0.1304246373921001	0.9252538394107475	-0.1134472167915619	-0.3193638723246931	-0.07765272252397963	-0.2741459901343711	-0.25039605487013006	-0.3216014635505142	-0.32210136002895956	0.157509692471131	0.15334785294632228	0.12880117719467307	-0.05500411762543408	-0.033044064695871185	0.06559608689023574	0.13462831439321338	0.13672188215208456	0.12548489141054028	-0.12138889099984033	-0.11965422304184292	-0.118870049935341	-0.12025180159295414	-0.11881432245556064	-0.07888816864810859	-0.02790933341065297	-0.051959303269036555	-0.03507209696207901	0.13488912492902558	0.1250902211188668	0.11642640275252394	-0.06518234213610567	0.12345007592583787	0.09196417579554099	0.14509694882198118	0.15282764795345458	-0.03724010929620773	-0.12150365299230001	-0.12066053325961891	-0.11757972565270025	-0.11790363134546428	-0.11963079560766232	0.11910753934719746	-0.07222736793698975	-0.06337536789209483	-0.059009063792848065	-0.07867320871361634	-0.08251012258384303	0.13643775564687205	0.1484888050128127	0.15219926904420814	0.14556446507844528	0.13981805762581798	0.14462374656840055	0.1587804214400495	0.1505149824838411	0.14796307363398115	-0.12223286620030611	-0.28783158928552327	0.12643802706364302	-0.21288104810376052	-0.28706322020902575	-0.2624806512073391	-0.2901762662187899	-0.2793340968045415	-0.2868153095585534	-0.2902702718547645	-0.08789213323472857	-0.3074632138485437	-0.28944988647066067	-0.28440558467199617	-0.25075798709101876
-0.09302772619583076	0.4276494234945346	-0.21735014791055948	-0.2576831512162575	-0.21502366148833632	-0.08995292581674341	-0.26543841688117065	-0.140476754036782	-0.19628108743534595	-0.24919315770467412	-0.2623066073129009	-0.25414400374487794	-0.1134472167915619	1.3270456418908394	-0.26866694421641846	0.1688954148093128	-0.21403793312621835	-0.19961692223996258	-0.2708992341772639	-0.2705058849364058	-0.2530471585416862	-0.24688974070885314	-0.25580060301400165	-0.08611794855937188	-0.08313606999020695	-0.20128906724253348	-0.23666960154249034	-0.1982318156520869	-0.1568737745066569	0.7078405833426054	0.6973116845311156	0.694277441245311	0.7073544702665664	0.7002069510702339	0.12428248510072	-0.033223500679955664	-0.0887660297696303	-0.09899661701079218	-0.23641503314783585	-0.18421405807367472	-0.19465969080391166	0.49561284988784987	-0.1769358229955697	-0.12581385452510888	-0.23339737120796594	-0.25339021830587183	-0.09896813117611682	0.703538921898507	0.7017331688667453	0.6852734199124186	0.6908393407733523	0.7002251691751643	-0.15804628891930408	0.5068703709728404	0.4755330023424857	0.45616473986711614	0.14488204205613878	0.15160375945656118	-0.2539403318329509	-0.2568988752235312	-0.2620210540921441	-0.25201499735331084	-0.2599007724555573	-0.25747211157020644	-0.25506559990918465	-0.25294998114419653	-0.24465883713189945	0.7154383319486838	-0.24842376437530522	-0.22922763595574674	-0.16777818096103475	-0.24734248789206392	-0.2173212704126777	-0.25089006829835236	-0.2391936963219866	-0.24667179172367515	-0.24861561156109904	0.16607361235484216	-0.2637242664391356	-0.24409175177341347	-0.23875001156374379	-0.26462056431338143
0.3047674657924593	-0.23127618807132996	1.4750277696420515	-0.35598602396157497	-0.3435235214331235	0.14292166249819263	-0.3695377598468481	-0.3073340910824968	-0.2829954438486545	-0.3460994953525638	-0.37363401657219825	-0.34764183748850513	-0.3193638723246931	-0.26866694421641846	2.7032341906599373	0.0023671976556373818	1.5089897546884732	1.3773294665959255	2.068111442474886	2.078665754093391	-0.3653801502441558	-0.35706583307763967	-0.36500487470319093	0.1669765356076694	0.10832453527488597	-0.18288173534551666	-0.33717721672240375	-0.3217697802426373	-0.3221524827734375	-0.28179179871720594	-0.2767134799593327	-0.27554575421329713	-0.2794910237735377	-0.2797049272704729	0.03749088599500967	-0.005836966562448508	0.16035771961153703	0.10644898762197796	-0.3281965072614563	-0.2724828369421739	-0.3220824208015912	-0.21300168492495292	-0.2561487472557204	-0.2979107147044981	-0.33799161106804276	-0.35964870552025924	0.11364885767407146	-0.27908964490259386	-0.27969671966362125	-0.273316976276214	-0.27023976390347376	-0.27798720982678593	-0.30545198568683396	-0.21135199207221292	-0.2006681280850177	-0.18998084375698202	0.08149778838736123	0.031170363527735914	-0.3522319061884022	-0.36261276914221396	-0.3751274552401753	-0.35002280127615376	-0.3635330439403694	-0.36656111784885764	-0.3651265390445549	-0.36434078162752	-0.35878524098497355	-0.286450805630823	1.5667925626338914	-0.28946943499943295	1.1369461835355128	1.5623627669882438	1.4438185868008695	1.5839508035794199	1.5243604442559395	1.5636597484913253	1.5653805636627918	0.08669758887197604	1.8620046222563689	1.5753668638849774	1.539001395049334	1.2738283411448894
0.00708234694481174	0.11606512656317204	0.028333479924318884	-0.1354787994586766	-0.11619112219394064	0.04310460201954951	-0.14169300762415907	-0.08021959137659715	-0.09900378552214292	-0.12962799007914394	-0.14389142181265138	-0.13059783629248628	-0.07765272252397963	0.1688954148093128	0.0023671976556373818	1.2413549172199818	0.02653409520530372	0.029375451737187055	0.0017134512660967134	0.0015646850317710941	-0.13549588849467553	-0.13051999750883236	-0.13428286870387632	0.031215135287069564	0.019274915101675734	-0.0706750371684056	-0.12491649957542651	-0.10762576808400783	-0.09341678526436104	0.16387705296209454	0.16483925969167246	0.16208662355382636	0.16375587697521893	0.16263409047717414	0.2761854174158748	0.11198505055077963	0.030762900035517	0.02823486272142314	-0.12280217435059744	-0.09194060512217102	-0.10449416021384234	0.14407968434250717	-0.08630732702976589	-0.04442464120375292	-0.12115444207273018	-0.1339987115666294	0.02511516642715473	0.16124267510028856	0.1650978771584834	0.16243534112841795	0.16836889357103013	0.15744373891805197	-0.08484779521664026	0.14582448627746855	0.1413335604597018	0.13584997012432126	0.19364533774650894	0.28256395011963736	-0.13287559003331242	-0.1369944135357218	-0.14302090861919617	-0.13162696134181723	-0.1385868808688072	-0.1391260095039344	-0.1362686634727703	-0.13676455597231912	-0.1287952161229103	0.15828434171257114	0.015256878211396367	-0.10783458913975368	0.02367283744820673	0.014893542348050712	0.02199166049357117	0.015381946943904252	0.01637444844128177	0.015228288373095982	0.009694270789725179	0.22070676904617645	0.01269507322789612	0.015104275608979794	0.013606121545804609	-0.006962046184465939
0.2621409176530516	-0.18291488530284924	1.2391540554781717	-0.3125932189337367	-0.29934608010318453	0.14839849518586137	-0.3254626187164294	-0.26408190773873924	-0.2434361329068557	-0.3023618792374983	-0.3309864714955532	-0.305009858577059	-0.2741459901343711	-0.21403793312621835	1.5089897546884732	0.02653409520530372	2.242297371801447	1.1514251788153198	1.5180458348118622	1.5223968089004225	-0.3201759131010887	-0.3117041542508419	-0.3200601298198356	0.16657672074120206	0.11186528129370071	-0.15054950780657309	-0.2929154143680361	-0.278545461939194	-0.27683242495200505	-0.22499773977029988	-0.22032150338825465	-0.21899709464178713	-0.22267092046353124	-0.22306240890482232	0.05884976059533691	0.016967738167803333	0.16145694355081153	0.11146737598149625	-0.284976973497076	-0.2324733625322143	-0.27717874904864875	-0.16569385174565723	-0.2179503275018329	-0.2538130347765439	-0.29247778111437545	-0.31403223142709624	0.11863861998431088	-0.22247573024868114	-0.22235044979589486	-0.2160878783168338	-0.2139684046595134	-0.22161093779676427	-0.26155052434614556	-0.16286546636518015	-0.1527207274716292	-0.14501477540010296	0.08647096632399295	0.051555562402452675	-0.3077279088003016	-0.31735464499500027	-0.33283947533997404	-0.30537332816263124	-0.3199215651568344	-0.32239791209555413	-0.3198097828292149	-0.3192285368491554	-0.31277532457769136	-0.2305391744384769	1.3282698201056935	-0.2482307216827234	0.9646965878657545	1.327820135454931	1.2616601410504102	1.3424865017181076	1.291428571454969	1.3266207106309544	1.3437280098365239	0.09488773946371067	1.4374521078605869	1.336390139096828	1.3128026597185254	1.1713651589213454
0.24192883994287567	-0.16830577710075426	1.147064590012304	-0.2875516422873707	-0.2743439208865873	0.14320524004863805	-0.2994532870204389	-0.24086859968185842	-0.22199135096588596	-0.27653626290690625	-0.3047735740351945	-0.28012614560691346	-0.25039605487013006	-0.19961692223996258	1.3773294665959255	0.029375451737187055	1.1514251788153198	1.9926764959938288	1.3860702277707622	1.3896987854316563	-0.2942400602551607	-0.28621958465560027	-0.2949171540593624	0.15948670622260946	0.10687627608780993	-0.13528722655841768	-0.2684419214690353	-0.2548345417370209	-0.25289089406159276	-0.2105791322067336	-0.20581028510909702	-0.20458257921349346	-0.20824347163836018	-0.2077431210219978	0.05975430353086776	0.02193235234146411	0.15329500196533424	0.10840717147063968	-0.2607539776782273	-0.2113972601157283	-0.2534981637647663	-0.15345134156034765	-0.19800337794574863	-0.23138100979846626	-0.26767916183439466	-0.28800695834195755	0.11542249491109756	-0.20787416375064202	-0.2078247635278089	-0.20165399390044478	-0.1996394176180338	-0.2070021130225235	-0.2383698462233792	-0.15091600416140546	-0.14151239069013904	-0.13447193194475818	0.08269253473277573	0.05227259034574043	-0.2819051908493001	-0.2916031872838937	-0.307122580351202	-0.28021639601534143	-0.29398358294924165	-0.2959268609116713	-0.2937903200686716	-0.29335344587463796	-0.28722329827614795	-0.21604627654361241	1.2195868953722133	-0.22513209187558908	0.8810777890807007	1.2195502869560724	1.109431527530578	1.232270995003155	1.1838906995990108	1.2177924664122104	1.237117124743355	0.09233902185705455	1.3105513291024644	1.2263551563061048	1.205593608151677	1.0986866742566168
0.3064008036258524	-0.23335403216515718	1.484410145061577	-0.3581295751897166	-0.34598730643866005	0.14289115672269329	-0.3717541260291824	-0.3095167722523382	-0.28494283307874974	-0.34825010139212625	-0.3759045881414164	-0.3500069863265634	-0.3216014635505142	-0.2708992341772639	2.068111442474886	0.0017134512660967134	1.5180458348118622	1.3860702277707622	2.7540153247731767	2.092171137323165	-0.3673734674630062	-0.3594533433292908	-0.3671600708377223	0.1671754491299547	0.10853436870832642	-0.18407700411302427	-0.3392399733684831	-0.32373010216961756	-0.32427578353789266	-0.28350747107185875	-0.2785789851885344	-0.2774728638968588	-0.2812896608092702	-0.2818048810883402	0.03712136597314531	-0.006073786899215881	0.1609674286722842	0.10694317057038359	-0.330262564367039	-0.2740192257590542	-0.3242644103864084	-0.21509243606359654	-0.2578819455359157	-0.29996351716402164	-0.3400482129787098	-0.36153644849197775	0.1139746201455474	-0.2807741480917714	-0.28158548644432746	-0.2751730878710204	-0.27207285272200915	-0.27975633557371815	-0.30736799079851274	-0.2133061665928066	-0.2026977752937922	-0.1919748598749157	0.08197389132649778	0.03046537593442858	-0.3542926453019222	-0.36463124816215964	-0.37751592445252014	-0.35218302275666696	-0.3658401666409189	-0.3688127405515519	-0.36742285892125437	-0.36638417996835687	-0.36092719953262886	-0.2883702648267491	1.575882399590773	-0.291295493609896	1.1424370100718266	1.5708871989593591	1.4513046641476202	1.5932638156776633	1.532730855164659	1.5724990846269415	1.5742732448239982	0.08686182705654079	1.8731664890713744	1.5845839892969187	1.5474512140619958	1.27817097688412
0.30662432150632624	-0.2331880806788121	1.4882853644813545	-0.3587653962063838	-0.3463870714755466	0.1416973964642432	-0.37218896308169575	-0.31013505091856725	-0.2855953251675829	-0.3489403825049263	-0.37634390924386674	-0.3503486166117356	-0.32210136002895956	-0.2705058849364058	2.078665754093391	0.0015646850317710941	1.5223968089004225	1.3896987854316563	2.092171137323165	2.7738892897623932	-0.3680080924954098	-0.3600739919211185	-0.36746486849279764	0.16627076617353623	0.10739773130250421	-0.1850724250868438	-0.3398233342831596	-0.32431912950205893	-0.3250522009039906	-0.2832849357380626	-0.2783658640239496	-0.2771751972981946	-0.28070932800909243	-0.2814351878801201	0.036331537087704625	-0.007404581698092026	0.15997248983198956	0.10551401320543237	-0.3310046512529784	-0.27480750521118835	-0.3248592663287623	-0.2148241934821107	-0.2586436048890474	-0.30047176811814197	-0.3405050649763859	-0.36244340425324895	0.11267843338120716	-0.2803276037443465	-0.2812002419540325	-0.27506520163666387	-0.27190405093339126	-0.27929837864772517	-0.3080001807712735	-0.21297560378018623	-0.20215175646382236	-0.1916381892506599	0.08140513061398569	0.030394631491584678	-0.35498662197856473	-0.36549105582189784	-0.37784729671622574	-0.3529083312109637	-0.3662940100718733	-0.36922818445787275	-0.36801161073207594	-0.36716382530749897	-0.36162898291967527	-0.2877102668312166	1.5784778931904508	-0.29236512687543376	1.1437821058075084	1.5738017229722014	1.4546383955196787	1.5960308812692625	1.5354673629080153	1.5750557399917537	1.5761738816819257	0.08624150989892831	1.87863263535904	1.5872871883534945	1.5502193736513084	1.2692951061994506
-0.05657704039845337	-0.17851518513878897	-0.31146472117484864	0.25030464602308167	0.21383282794856648	-0.05025582653816987	0.24953610399143952	0.14609409665356946	0.17160912232727	0.2528827483713988	0.25022429064762913	0.24604939404273882	0.157509692471131	-0.2530471585416862	-0.3653801502441558	-0.13549588849467553	-0.3201759131010887	-0.2942400602551607	-0.3673734674630062	-0.3680080924954098	1.0005441912203095	0.29806788509638266	0.2508892708989573	-0.05452718492674654	-0.028655983596870306	0.14082274281168636	0.22199603366195989	0.19217087801360017	0.18614643417172483	-0.2660079494235063	-0.26211125483017716	-0.2603814219319382	-0.2620757464771358	-0.26443019090517655	-0.12747972314395534	-0.029512047351188266	-0.05041255352142343	-0.027757771905793153	0.2160879994697221	0.1616933974262699	0.18675787916350034	-0.22308285487216453	0.14098627346515805	0.16145831091313548	0.23694115849952407	0.28252274557093154	-0.030292386558034224	-0.26368522199432604	-0.2643767173837915	-0.2592685618833344	-0.2582558126780831	-0.26426344008406993	0.1772217137363777	-0.22486871446344459	-0.21679739511262305	-0.21153980656740423	-0.1323355778392369	-0.13694126567638468	0.23920852771682066	0.28243503897804506	0.24934105930464315	0.2672563426952903	0.23982471316248424	0.2486529971435307	0.2780069527209557	0.26020678672610503	0.2692573024008216	-0.26650179234993443	-0.33224351937939506	0.2254949189572515	-0.25343376390711264	-0.33229305654051305	-0.30632477317377527	-0.33527304031387417	-0.3237935796627664	-0.3314217301249638	-0.3347192799860363	-0.14803916953294224	-0.35325924059088754	-0.33419492275099594	-0.3286566641326503	-0.29069855989970267
-0.05466822780820659	-0.17399447300032847	-0.30299439333831	0.2477370350299753	0.20898546994405565	-0.04660466919893233	0.23367684111920917	0.13842614311329768	0.16884215353805976	0.24771248380796446	0.24204897981080487	0.241642126597901	0.15334785294632228	-0.24688974070885314	-0.35706583307763967	-0.13051999750883236	-0.3117041542508419	-0.28621958465560027	-0.3594533433292908	-0.3600739919211185	0.29806788509638266	0.9847289542126224	0.2464901704575489	-0.05047809102161996	-0.02506823299268616	0.13917988297227488	0.2132528936017582	0.18921898073373236	0.1816383456839198	-0.26062046861599975	-0.2565203583764326	-0.2543338866538582	-0.2570090048648	-0.258617384660629	-0.1221009610436525	-0.026619660801685343	-0.046189379588535924	-0.024404302320150898	0.21056433306073813	0.15904766319577893	0.17866371639031345	-0.21787042891385078	0.13944595368068516	0.15303250233916424	0.23099335412988634	0.27140404149190345	-0.025961288276148832	-0.25790777327173664	-0.25732735986356225	-0.2537724167963209	-0.2526646168241705	-0.25909609290206165	0.17149487754717208	-0.21992266218641843	-0.21175213829356002	-0.20615114537663715	-0.1273660270549191	-0.13122621057906733	0.23360241843189275	0.2697583241127253	0.2417747443704656	0.2617914853497434	0.2332425181595366	0.24156751391268574	0.2697087757436755	0.2526401876459706	0.26268711436319647	-0.2618547976098216	-0.32369704089489626	0.2194374831269907	-0.2460912062716133	-0.32330423044925616	-0.2983860004998422	-0.3265324117880304	-0.3154258385280668	-0.32281002016981425	-0.3265690487357425	-0.14230029625719884	-0.3447205633195984	-0.32586830224558416	-0.3202682304608419	-0.281130267597604
-0.05609142043424075	-0.18296841279885812	-0.3119189984223406	0.3875021843476514	0.21291708646968183	-0.046146886145822255	0.25809338522761216	0.14416612059465966	0.16210399768377076	0.23749172965186993	0.2426261938315153	0.3859246421142697	0.12880117719467307	-0.25580060301400165	-0.36500487470319093	-0.13428286870387632	-0.3200601298198356	-0.2949171540593624	-0.3671600708377223	-0.36746486849279764	0.2508892708989573	0.2464901704575489	1.1382335045562344	-0.05303844955503685	-0.02122267099981557	0.17530367648169626	0.22311164898611882	0.17984229944759633	0.16484804291812813	-0.2676705930532279	-0.2636751319509093	-0.26277103246033856	-0.26484550373626253	-0.26644133912466983	-0.12810823694027726	-0.026151267862602363	-0.04693715835457279	-0.02167027054370538	0.22137524621479351	0.1481838191034644	0.18712158361095196	-0.22475248002906034	0.13666916681124833	0.13745930994762312	0.21348677059348994	0.24194914774500123	-0.027022964510736512	-0.265108094723342	-0.26522112454286095	-0.2612498364109077	-0.2602973451670409	-0.26663839814992185	0.15295118658777734	-0.22696389629844435	-0.2186165271713181	-0.21401891615281035	-0.13174419017482386	-0.13612986862842477	0.24688652097118002	0.24526659410669904	0.23916099829022708	0.25700904571211425	0.24666049599204393	0.24173623549075243	0.24573952821395917	0.23520271303073959	0.253414427572079	-0.2686301899151864	-0.33297020209068134	0.2084731392991036	-0.2549573835817949	-0.33329884955925126	-0.30735614072112877	-0.33595917550130705	-0.3247229629295259	-0.33234639120314396	-0.3356455781438084	-0.1497114107878498	-0.3539303668256306	-0.33476355692921606	-0.3289850670814268	-0.301041892618524
0.10066989341653931	-0.07034111423954702	0.16891016983333268	-0.05038891824234309	-0.05223327903183688	0.25084882675472275	-0.056923602498644005	-0.05048770112366788	-0.03280478037444968	-0.049343927524396695	-0.06112903723670701	-0.04967823294188105	-0.05500411762543408	-0.08611794855937188	0.1669765356076694	0.031215135287069564	0.16657672074120206	0.15948670622260946	0.1671754491299547	0.16627076617353623	-0.05452718492674654	-0.05047809102161996	-0.05303844955503685	1.1381694889439713	0.10666234455833513	0.028086400534888496	-0.046135378917385984	-0.04492308053421448	-0.050688245828866045	-0.09668808329168138	-0.09257180123721198	-0.09209266704823231	-0.09214966272858184	-0.09379288478378939	0.0635659748363985	0.10227199619750635	0.22867376095015182	0.1575204280006131	-0.043437978404702884	-0.029186956544134994	-0.044924880006315226	-0.07243708104460585	-0.02510031088853177	-0.03992421058515444	-0.04437371839127202	-0.05219303052327931	0.1946442735589005	-0.09364975408715567	-0.09361474371329412	-0.08895512873005432	-0.0853222448387948	-0.09524096439197802	-0.04427075835869921	-0.07089547000937883	-0.06622835189598365	-0.06514851066848103	0.03127961797454557	0.046295816482176205	-0.047193206757571035	-0.053366443460600814	-0.05957433925987544	-0.049175127712444	-0.05400093790208656	-0.05427347971174977	-0.053899599375354	-0.053301782923856414	-0.049921102182440426	-0.1006888919614661	0.17266057878386143	-0.02872412751260703	0.1348925565736044	0.17109169248630673	0.1625103819697746	0.17428088790222862	0.16931803039328572	0.17134802531847354	0.16606377936721292	0.017735539046752787	0.17668640720337103	0.1700494634611379	0.16411150247909123	0.17304980431263284
